600

651, 0, 152
651, 152, 0
817, 0, 4
817, 4, 0
397, 0, 251
397, 251, 0
783, 1, 518
783, 518, 1
260, 1, 47
260, 47, 1
106, 1, 508
106, 508, 1
911, 1, 415
911, 415, 1
689, 2, 144
689, 144, 2
754, 3, 383
754, 383, 3
351, 5, 216
351, 216, 5
936, 6, 161
936, 161, 6
649, 6, 597
649, 597, 6
400, 6, 490
400, 490, 6
633, 7, 102
633, 102, 7
269, 7, 93
269, 93, 7
317, 7, 245
317, 245, 7
607, 7, 409
607, 409, 7
377, 8, 473
377, 473, 8
791, 9, 557
791, 557, 9
667, 9, 470
667, 470, 9
896, 9, 30
896, 30, 9
37, 10, 29
37, 29, 10
510, 10, 469
510, 469, 10
511, 10, 18
511, 18, 10
972, 10, 553
972, 553, 10
213, 11, 40
213, 40, 11
978, 11, 287
978, 287, 11
551, 13, 531
551, 531, 13
988, 13, 79
988, 79, 13
329, 13, 222
329, 222, 13
92, 13, 226
92, 226, 13
331, 13, 340
331, 340, 13
429, 14, 149
429, 149, 14
587, 14, 462
587, 462, 14
931, 15, 593
931, 593, 15
914, 16, 396
914, 396, 16
888, 18, 64
888, 64, 18
575, 18, 307
575, 307, 18
373, 18, 149
373, 149, 18
848, 18, 228
848, 228, 18
701, 18, 474
701, 474, 18
527, 19, 61
527, 61, 19
769, 19, 147
769, 147, 19
826, 20, 263
826, 263, 20
244, 20, 433
244, 433, 20
317, 20, 213
317, 213, 20
938, 20, 12
938, 12, 20
747, 21, 479
747, 479, 21
384, 21, 488
384, 488, 21
742, 21, 559
742, 559, 21
960, 21, 9
960, 9, 21
272, 21, 109
272, 109, 21
4, 22, 584
4, 584, 22
579, 22, 356
579, 356, 22
885, 22, 79
885, 79, 22
550, 23, 74
550, 74, 23
305, 23, 518
305, 518, 23
424, 23, 320
424, 320, 23
202, 25, 569
202, 569, 25
526, 25, 504
526, 504, 25
528, 26, 243
528, 243, 26
307, 26, 313
307, 313, 26
433, 26, 496
433, 496, 26
163, 26, 117
163, 117, 26
221, 26, 542
221, 542, 26
566, 28, 4
566, 4, 28
414, 28, 274
414, 274, 28
999, 28, 21
999, 21, 28
69, 28, 494
69, 494, 28
836, 30, 297
836, 297, 30
225, 30, 288
225, 288, 30
125, 30, 487
125, 487, 30
148, 30, 434
148, 434, 30
444, 31, 320
444, 320, 31
272, 31, 324
272, 324, 31
327, 31, 24
327, 24, 31
482, 31, 26
482, 26, 31
833, 31, 35
833, 35, 31
650, 32, 57
650, 57, 32
997, 32, 553
997, 553, 32
434, 35, 584
434, 584, 35
286, 35, 272
286, 272, 35
79, 35, 276
79, 276, 35
277, 35, 36
277, 36, 35
81, 35, 158
81, 158, 35
166, 36, 1
166, 1, 36
904, 36, 63
904, 63, 36
671, 36, 132
671, 132, 36
191, 36, 184
191, 184, 36
341, 36, 297
341, 297, 36
247, 37, 322
247, 322, 37
793, 37, 445
793, 445, 37
436, 37, 480
436, 480, 37
148, 38, 376
148, 376, 38
671, 38, 390
671, 390, 38
480, 38, 234
480, 234, 38
211, 38, 197
211, 197, 38
37, 38, 385
37, 385, 38
918, 39, 129
918, 129, 39
27, 39, 416
27, 416, 39
573, 39, 299
573, 299, 39
907, 39, 288
907, 288, 39
100, 40, 27
100, 27, 40
412, 41, 469
412, 469, 41
140, 41, 593
140, 593, 41
550, 41, 522
550, 522, 41
417, 42, 112
417, 112, 42
314, 42, 57
314, 57, 42
117, 44, 542
117, 542, 44
745, 44, 29
745, 29, 44
138, 44, 423
138, 423, 44
732, 44, 2
732, 2, 44
204, 45, 475
204, 475, 45
95, 45, 33
95, 33, 45
440, 45, 373
440, 373, 45
952, 46, 474
952, 474, 46
996, 46, 514
996, 514, 46
723, 46, 570
723, 570, 46
198, 47, 518
198, 518, 47
185, 47, 313
185, 313, 47
714, 48, 245
714, 245, 48
819, 48, 394
819, 394, 48
109, 50, 223
109, 223, 50
966, 50, 200
966, 200, 50
774, 52, 13
774, 13, 52
295, 52, 235
295, 235, 52
963, 52, 206
963, 206, 52
381, 52, 176
381, 176, 52
694, 53, 561
694, 561, 53
799, 55, 357
799, 357, 55
575, 55, 431
575, 431, 55
793, 56, 55
793, 55, 56
559, 56, 288
559, 288, 56
373, 57, 305
373, 305, 57
1, 57, 301
1, 301, 57
285, 57, 3
285, 3, 57
951, 58, 172
951, 172, 58
77, 58, 14
77, 14, 58
580, 59, 598
580, 598, 59
769, 59, 50
769, 50, 59
777, 60, 573
777, 573, 60
847, 61, 284
847, 284, 61
333, 61, 371
333, 371, 61
803, 61, 37
803, 37, 61
432, 62, 300
432, 300, 62
172, 62, 441
172, 441, 62
275, 63, 106
275, 106, 63
989, 63, 321
989, 321, 63
876, 63, 265
876, 265, 63
941, 63, 455
941, 455, 63
950, 63, 254
950, 254, 63
293, 64, 512
293, 512, 64
414, 64, 405
414, 405, 64
552, 66, 238
552, 238, 66
498, 66, 363
498, 363, 66
735, 67, 356
735, 356, 67
93, 69, 76
93, 76, 69
988, 70, 228
988, 228, 70
670, 70, 342
670, 342, 70
124, 71, 117
124, 117, 71
806, 71, 499
806, 499, 71
843, 71, 289
843, 289, 71
579, 72, 84
579, 84, 72
463, 73, 599
463, 599, 73
798, 73, 106
798, 106, 73
644, 74, 138
644, 138, 74
426, 74, 38
426, 38, 74
757, 74, 446
757, 446, 74
39, 74, 474
39, 474, 74
739, 75, 233
739, 233, 75
434, 75, 208
434, 208, 75
226, 75, 312
226, 312, 75
190, 76, 462
190, 462, 76
798, 76, 419
798, 419, 76
495, 76, 358
495, 358, 76
373, 77, 47
373, 47, 77
508, 77, 352
508, 352, 77
122, 78, 126
122, 126, 78
68, 78, 236
68, 236, 78
198, 78, 239
198, 239, 78
370, 79, 193
370, 193, 79
906, 79, 396
906, 396, 79
752, 79, 406
752, 406, 79
393, 79, 449
393, 449, 79
408, 79, 54
408, 54, 79
60, 80, 481
60, 481, 80
251, 80, 506
251, 506, 80
447, 81, 405
447, 405, 81
268, 83, 253
268, 253, 83
854, 83, 114
854, 114, 83
651, 83, 334
651, 334, 83
189, 83, 414
189, 414, 83
932, 84, 272
932, 272, 84
731, 84, 437
731, 437, 84
670, 84, 244
670, 244, 84
88, 84, 288
88, 288, 84
180, 84, 213
180, 213, 84
31, 85, 431
31, 431, 85
457, 85, 556
457, 556, 85
280, 85, 188
280, 188, 85
922, 85, 429
922, 429, 85
8, 86, 78
8, 78, 86
109, 86, 147
109, 147, 86
553, 87, 539
553, 539, 87
463, 87, 40
463, 40, 87
695, 87, 211
695, 211, 87
544, 89, 261
544, 261, 89
755, 89, 25
755, 25, 89
46, 89, 525
46, 525, 89
483, 89, 310
483, 310, 89
923, 89, 495
923, 495, 89
284, 90, 200
284, 200, 90
294, 90, 468
294, 468, 90
451, 90, 511
451, 511, 90
427, 90, 85
427, 85, 90
454, 90, 330
454, 330, 90
389, 91, 84
389, 84, 91
718, 91, 533
718, 533, 91
181, 91, 105
181, 105, 91
410, 93, 308
410, 308, 93
158, 93, 349
158, 349, 93
490, 94, 555
490, 555, 94
144, 94, 239
144, 239, 94
521, 94, 272
521, 272, 94
126, 94, 178
126, 178, 94
943, 95, 3
943, 3, 95
961, 95, 426
961, 426, 95
124, 95, 519
124, 519, 95
100, 95, 246
100, 246, 95
345, 96, 233
345, 233, 96
634, 96, 526
634, 526, 96
290, 96, 331
290, 331, 96
200, 97, 305
200, 305, 97
463, 98, 294
463, 294, 98
526, 99, 348
526, 348, 99
639, 100, 454
639, 454, 100
12, 100, 590
12, 590, 100
722, 100, 122
722, 122, 100
717, 100, 242
717, 242, 100
869, 101, 362
869, 362, 101
658, 102, 582
658, 582, 102
808, 102, 213
808, 213, 102
397, 103, 238
397, 238, 103
735, 103, 268
735, 268, 103
112, 105, 505
112, 505, 105
40, 107, 361
40, 361, 107
67, 107, 32
67, 32, 107
430, 107, 83
430, 83, 107
456, 108, 343
456, 343, 108
557, 108, 245
557, 245, 108
934, 108, 412
934, 412, 108
683, 109, 535
683, 535, 109
136, 110, 51
136, 51, 110
622, 110, 558
622, 558, 110
106, 110, 508
106, 508, 110
720, 111, 227
720, 227, 111
689, 111, 330
689, 330, 111
228, 112, 79
228, 79, 112
559, 112, 253
559, 253, 112
410, 112, 549
410, 549, 112
159, 113, 115
159, 115, 113
999, 113, 491
999, 491, 113
118, 113, 326
118, 326, 113
947, 113, 175
947, 175, 113
303, 113, 101
303, 101, 113
837, 114, 425
837, 425, 114
981, 114, 68
981, 68, 114
216, 114, 386
216, 386, 114
214, 114, 136
214, 136, 114
893, 115, 408
893, 408, 115
127, 116, 320
127, 320, 116
137, 116, 58
137, 58, 116
716, 117, 230
716, 230, 117
737, 117, 522
737, 522, 117
598, 117, 125
598, 125, 117
276, 117, 28
276, 28, 117
139, 118, 125
139, 125, 118
897, 118, 209
897, 209, 118
527, 119, 560
527, 560, 119
810, 119, 512
810, 512, 119
353, 119, 424
353, 424, 119
510, 119, 45
510, 45, 119
713, 120, 217
713, 217, 120
579, 121, 73
579, 73, 121
51, 121, 98
51, 98, 121
166, 121, 474
166, 474, 121
514, 121, 104
514, 104, 121
610, 121, 372
610, 372, 121
849, 123, 525
849, 525, 123
701, 123, 22
701, 22, 123
953, 123, 555
953, 555, 123
2, 123, 361
2, 361, 123
847, 124, 292
847, 292, 124
895, 124, 134
895, 134, 124
965, 124, 392
965, 392, 124
164, 124, 400
164, 400, 124
558, 125, 398
558, 398, 125
674, 126, 286
674, 286, 126
699, 126, 4
699, 4, 126
332, 126, 100
332, 100, 126
368, 126, 565
368, 565, 126
632, 127, 543
632, 543, 127
516, 127, 371
516, 371, 127
372, 127, 181
372, 181, 127
521, 128, 384
521, 384, 128
402, 128, 422
402, 422, 128
1000, 128, 274
1000, 274, 128
218, 128, 204
218, 204, 128
156, 129, 101
156, 101, 129
855, 129, 446
855, 446, 129
158, 129, 163
158, 163, 129
67, 129, 153
67, 153, 129
10, 129, 217
10, 217, 129
377, 130, 114
377, 114, 130
770, 130, 543
770, 543, 130
792, 130, 257
792, 257, 130
319, 130, 468
319, 468, 130
129, 131, 264
129, 264, 131
529, 132, 130
529, 130, 132
35, 132, 12
35, 12, 132
313, 132, 519
313, 519, 132
551, 132, 345
551, 345, 132
327, 132, 253
327, 253, 132
50, 134, 392
50, 392, 134
386, 134, 476
386, 476, 134
145, 134, 294
145, 294, 134
467, 134, 565
467, 565, 134
898, 135, 1
898, 1, 135
635, 135, 488
635, 488, 135
372, 135, 596
372, 596, 135
385, 135, 368
385, 368, 135
264, 135, 387
264, 387, 135
586, 136, 185
586, 185, 136
924, 137, 57
924, 57, 137
976, 138, 159
976, 159, 138
630, 138, 84
630, 84, 138
249, 138, 456
249, 456, 138
998, 138, 19
998, 19, 138
840, 139, 335
840, 335, 139
474, 141, 27
474, 27, 141
380, 141, 421
380, 421, 141
969, 143, 404
969, 404, 143
737, 144, 107
737, 107, 144
417, 144, 348
417, 348, 144
455, 145, 125
455, 125, 145
905, 145, 410
905, 410, 145
562, 145, 433
562, 433, 145
159, 146, 152
159, 152, 146
762, 146, 171
762, 171, 146
980, 146, 447
980, 447, 146
618, 146, 208
618, 208, 146
733, 147, 271
733, 271, 147
295, 147, 555
295, 555, 147
430, 147, 399
430, 399, 147
729, 147, 240
729, 240, 147
16, 148, 470
16, 470, 148
932, 148, 213
932, 213, 148
953, 148, 586
953, 586, 148
80, 149, 451
80, 451, 149
35, 149, 120
35, 120, 149
584, 149, 239
584, 239, 149
688, 149, 36
688, 36, 149
929, 149, 248
929, 248, 149
94, 151, 576
94, 576, 151
143, 152, 214
143, 214, 152
894, 152, 265
894, 265, 152
941, 152, 232
941, 232, 152
515, 153, 591
515, 591, 153
731, 153, 374
731, 374, 153
505, 153, 154
505, 154, 153
312, 153, 532
312, 532, 153
929, 153, 384
929, 384, 153
81, 154, 89
81, 89, 154
76, 154, 524
76, 524, 154
48, 154, 69
48, 69, 154
439, 154, 226
439, 226, 154
730, 155, 308
730, 308, 155
286, 155, 87
286, 87, 155
802, 155, 520
802, 520, 155
270, 155, 599
270, 599, 155
782, 155, 339
782, 339, 155
77, 156, 465
77, 465, 156
889, 157, 94
889, 94, 157
736, 157, 564
736, 564, 157
824, 157, 160
824, 160, 157
898, 157, 45
898, 45, 157
478, 157, 394
478, 394, 157
546, 158, 47
546, 47, 158
465, 158, 194
465, 194, 158
609, 158, 421
609, 421, 158
706, 159, 305
706, 305, 159
158, 159, 511
158, 511, 159
701, 160, 433
701, 433, 160
288, 160, 310
288, 310, 160
108, 163, 248
108, 248, 163
645, 163, 567
645, 567, 163
288, 163, 591
288, 591, 163
766, 163, 106
766, 106, 163
188, 163, 266
188, 266, 163
641, 164, 399
641, 399, 164
772, 164, 233
772, 233, 164
72, 164, 147
72, 147, 164
352, 164, 268
352, 268, 164
694, 165, 323
694, 323, 165
612, 165, 250
612, 250, 165
767, 165, 171
767, 171, 165
561, 165, 552
561, 552, 165
569, 166, 375
569, 375, 166
841, 167, 143
841, 143, 167
105, 167, 45
105, 45, 167
920, 167, 440
920, 440, 167
763, 167, 22
763, 22, 167
950, 167, 284
950, 284, 167
937, 168, 86
937, 86, 168
742, 168, 479
742, 479, 168
639, 168, 492
639, 492, 168
215, 168, 524
215, 524, 168
386, 168, 112
386, 112, 168
11, 170, 107
11, 107, 170
620, 170, 140
620, 140, 170
425, 170, 540
425, 540, 170
422, 170, 532
422, 532, 170
588, 170, 333
588, 333, 170
246, 171, 509
246, 509, 171
919, 171, 111
919, 111, 171
288, 171, 330
288, 330, 171
385, 171, 415
385, 415, 171
11, 171, 507
11, 507, 171
578, 172, 195
578, 195, 172
623, 173, 234
623, 234, 173
650, 173, 292
650, 292, 173
986, 173, 303
986, 303, 173
247, 173, 340
247, 340, 173
635, 174, 558
635, 558, 174
456, 174, 337
456, 337, 174
864, 175, 15
864, 15, 175
283, 175, 560
283, 560, 175
653, 175, 202
653, 202, 175
750, 176, 454
750, 454, 176
509, 176, 159
509, 159, 176
162, 177, 323
162, 323, 177
543, 178, 517
543, 517, 178
62, 178, 253
62, 253, 178
863, 178, 309
863, 309, 178
992, 178, 307
992, 307, 178
140, 178, 252
140, 252, 178
525, 179, 587
525, 587, 179
700, 180, 544
700, 544, 180
354, 181, 233
354, 233, 181
943, 181, 410
943, 410, 181
158, 182, 10
158, 10, 182
734, 182, 88
734, 88, 182
78, 182, 506
78, 506, 182
863, 182, 341
863, 341, 182
675, 182, 185
675, 185, 182
708, 183, 83
708, 83, 183
609, 184, 355
609, 355, 184
736, 184, 250
736, 250, 184
943, 184, 274
943, 274, 184
389, 185, 366
389, 366, 185
96, 185, 518
96, 518, 185
994, 185, 374
994, 374, 185
593, 185, 124
593, 124, 185
574, 185, 564
574, 564, 185
79, 186, 417
79, 417, 186
381, 187, 566
381, 566, 187
918, 187, 551
918, 551, 187
92, 189, 63
92, 63, 189
579, 189, 190
579, 190, 189
967, 189, 282
967, 282, 189
33, 189, 401
33, 401, 189
905, 189, 470
905, 470, 189
840, 190, 77
840, 77, 190
755, 190, 161
755, 161, 190
811, 190, 106
811, 106, 190
281, 191, 510
281, 510, 191
737, 191, 234
737, 234, 191
377, 191, 103
377, 103, 191
690, 192, 541
690, 541, 192
909, 192, 590
909, 590, 192
316, 192, 413
316, 413, 192
130, 192, 151
130, 151, 192
452, 193, 175
452, 175, 193
84, 193, 145
84, 145, 193
134, 193, 237
134, 237, 193
926, 194, 276
926, 276, 194
549, 195, 593
549, 593, 195
165, 196, 596
165, 596, 196
499, 196, 76
499, 76, 196
322, 196, 296
322, 296, 196
167, 198, 130
167, 130, 198
342, 198, 490
342, 490, 198
43, 198, 578
43, 578, 198
753, 198, 191
753, 191, 198
253, 199, 311
253, 311, 199
308, 199, 205
308, 205, 199
289, 200, 391
289, 391, 200
346, 201, 300
346, 300, 201
209, 201, 53
209, 53, 201
39, 202, 438
39, 438, 202
342, 202, 277
342, 277, 202
222, 202, 30
222, 30, 202
222, 204, 136
222, 136, 204
695, 204, 371
695, 371, 204
195, 208, 341
195, 341, 208
111, 208, 266
111, 266, 208
584, 208, 311
584, 311, 208
128, 208, 590
128, 590, 208
668, 208, 60
668, 60, 208
23, 209, 342
23, 342, 209
818, 209, 156
818, 156, 209
212, 209, 406
212, 406, 209
140, 210, 139
140, 139, 210
891, 212, 541
891, 541, 212
427, 212, 500
427, 500, 212
347, 212, 190
347, 190, 212
74, 213, 506
74, 506, 213
379, 213, 229
379, 229, 213
331, 213, 543
331, 543, 213
419, 214, 35
419, 35, 214
457, 214, 93
457, 93, 214
849, 215, 265
849, 265, 215
848, 215, 147
848, 147, 215
443, 215, 136
443, 136, 215
640, 215, 319
640, 319, 215
646, 215, 70
646, 70, 215
811, 216, 335
811, 335, 216
192, 216, 216
192, 216, 216
397, 216, 116
397, 116, 216
22, 216, 181
22, 181, 216
909, 217, 164
909, 164, 217
778, 217, 417
778, 417, 217
851, 217, 41
851, 41, 217
492, 218, 378
492, 378, 218
872, 218, 362
872, 362, 218
839, 218, 546
839, 546, 218
136, 218, 529
136, 529, 218
487, 218, 2
487, 2, 218
91, 219, 309
91, 309, 219
594, 220, 421
594, 421, 220
237, 220, 25
237, 25, 220
217, 222, 92
217, 92, 222
536, 222, 358
536, 358, 222
393, 222, 520
393, 520, 222
307, 222, 243
307, 243, 222
637, 222, 406
637, 406, 222
353, 224, 240
353, 240, 224
563, 224, 141
563, 141, 224
547, 224, 403
547, 403, 224
625, 224, 302
625, 302, 224
956, 224, 185
956, 185, 224
874, 225, 382
874, 382, 225
753, 225, 499
753, 499, 225
437, 225, 126
437, 126, 225
762, 226, 598
762, 598, 226
211, 226, 42
211, 42, 226
143, 226, 570
143, 570, 226
600, 227, 369
600, 369, 227
425, 227, 526
425, 526, 227
357, 227, 266
357, 266, 227
756, 229, 496
756, 496, 229
248, 229, 236
248, 236, 229
800, 231, 545
800, 545, 231
565, 231, 126
565, 126, 231
898, 232, 318
898, 318, 232
778, 232, 492
778, 492, 232
803, 233, 9
803, 9, 233
780, 233, 77
780, 77, 233
633, 233, 235
633, 235, 233
872, 233, 97
872, 97, 233
921, 235, 3
921, 3, 235
240, 235, 194
240, 194, 235
728, 235, 124
728, 124, 235
134, 235, 557
134, 557, 235
909, 235, 375
909, 375, 235
718, 236, 215
718, 215, 236
61, 236, 67
61, 67, 236
216, 237, 278
216, 278, 237
109, 237, 145
109, 145, 237
787, 237, 246
787, 246, 237
721, 238, 18
721, 18, 238
602, 238, 181
602, 181, 238
473, 239, 571
473, 571, 239
702, 239, 427
702, 427, 239
348, 241, 541
348, 541, 241
701, 241, 579
701, 579, 241
55, 242, 378
55, 378, 242
356, 242, 141
356, 141, 242
922, 242, 482
922, 482, 242
40, 242, 397
40, 397, 242
231, 242, 73
231, 73, 242
300, 243, 290
300, 290, 243
886, 243, 436
886, 436, 243
732, 243, 8
732, 8, 243
854, 244, 19
854, 19, 244
11, 244, 314
11, 314, 244
424, 244, 113
424, 113, 244
796, 244, 35
796, 35, 244
702, 244, 498
702, 498, 244
402, 246, 120
402, 120, 246
534, 246, 305
534, 305, 246
39, 246, 198
39, 198, 246
428, 246, 481
428, 481, 246
274, 247, 346
274, 346, 247
555, 248, 223
555, 223, 248
110, 248, 253
110, 253, 248
801, 248, 415
801, 415, 248
386, 248, 419
386, 419, 248
738, 249, 86
738, 86, 249
956, 249, 157
956, 157, 249
597, 249, 286
597, 286, 249
431, 249, 231
431, 231, 249
938, 249, 387
938, 387, 249
682, 252, 430
682, 430, 252
112, 252, 513
112, 513, 252
443, 252, 112
443, 112, 252
930, 252, 374
930, 374, 252
651, 253, 317
651, 317, 253
21, 253, 151
21, 151, 253
234, 255, 390
234, 390, 255
576, 255, 241
576, 241, 255
805, 255, 434
805, 434, 255
639, 255, 217
639, 217, 255
302, 256, 541
302, 541, 256
606, 256, 442
606, 442, 256
724, 256, 78
724, 78, 256
886, 257, 366
886, 366, 257
568, 257, 448
568, 448, 257
613, 257, 238
613, 238, 257
421, 257, 284
421, 284, 257
718, 258, 89
718, 89, 258
161, 259, 388
161, 388, 259
17, 259, 178
17, 178, 259
224, 260, 238
224, 238, 260
213, 260, 551
213, 551, 260
900, 260, 113
900, 113, 260
321, 260, 399
321, 399, 260
844, 261, 320
844, 320, 261
716, 261, 329
716, 329, 261
657, 261, 282
657, 282, 261
300, 261, 223
300, 223, 261
126, 262, 577
126, 577, 262
407, 262, 521
407, 521, 262
385, 263, 561
385, 561, 263
179, 263, 488
179, 488, 263
319, 264, 96
319, 96, 264
434, 264, 39
434, 39, 264
893, 264, 331
893, 331, 264
82, 265, 118
82, 118, 265
734, 265, 347
734, 347, 265
446, 265, 257
446, 257, 265
282, 265, 356
282, 356, 265
95, 265, 195
95, 195, 265
727, 266, 278
727, 278, 266
172, 266, 587
172, 587, 266
472, 266, 440
472, 440, 266
788, 267, 365
788, 365, 267
911, 267, 541
911, 541, 267
270, 267, 352
270, 352, 267
447, 269, 325
447, 325, 269
900, 269, 277
900, 277, 269
537, 270, 430
537, 430, 270
783, 271, 418
783, 418, 271
327, 271, 427
327, 427, 271
801, 271, 32
801, 32, 271
602, 272, 74
602, 74, 272
260, 273, 72
260, 72, 273
944, 273, 349
944, 349, 273
692, 273, 441
692, 441, 273
792, 275, 416
792, 416, 275
577, 275, 439
577, 439, 275
450, 275, 46
450, 46, 275
945, 277, 453
945, 453, 277
738, 278, 221
738, 221, 278
563, 278, 373
563, 373, 278
369, 278, 86
369, 86, 278
908, 278, 18
908, 18, 278
798, 279, 50
798, 50, 279
112, 279, 355
112, 355, 279
140, 279, 496
140, 496, 279
737, 279, 568
737, 568, 279
180, 280, 560
180, 560, 280
209, 280, 330
209, 330, 280
655, 280, 38
655, 38, 280
542, 280, 446
542, 446, 280
410, 281, 569
410, 569, 281
861, 281, 290
861, 290, 281
935, 282, 27
935, 27, 282
259, 282, 143
259, 143, 282
17, 282, 293
17, 293, 282
777, 282, 511
777, 511, 282
284, 283, 50
284, 50, 283
576, 283, 45
576, 45, 283
741, 284, 502
741, 502, 284
835, 284, 564
835, 564, 284
653, 284, 330
653, 330, 284
78, 284, 352
78, 352, 284
367, 284, 285
367, 285, 284
33, 285, 15
33, 15, 285
58, 285, 74
58, 74, 285
289, 285, 313
289, 313, 285
31, 285, 119
31, 119, 285
101, 285, 436
101, 436, 285
470, 286, 371
470, 371, 286
464, 286, 285
464, 285, 286
509, 286, 247
509, 247, 286
209, 287, 465
209, 465, 287
498, 287, 431
498, 431, 287
157, 288, 401
157, 401, 288
519, 288, 560
519, 560, 288
500, 288, 533
500, 533, 288
70, 288, 115
70, 115, 288
737, 289, 572
737, 572, 289
777, 289, 315
777, 315, 289
969, 289, 347
969, 347, 289
937, 289, 268
937, 268, 289
154, 289, 298
154, 298, 289
557, 290, 111
557, 111, 290
901, 290, 357
901, 357, 290
59, 290, 89
59, 89, 290
961, 290, 275
961, 275, 290
154, 291, 594
154, 594, 291
651, 293, 586
651, 586, 293
947, 293, 488
947, 488, 293
260, 294, 94
260, 94, 294
967, 294, 166
967, 166, 294
187, 294, 241
187, 241, 294
598, 294, 539
598, 539, 294
608, 294, 587
608, 587, 294
781, 295, 389
781, 389, 295
2, 297, 111
2, 111, 297
420, 297, 186
420, 186, 297
950, 298, 467
950, 467, 298
20, 298, 336
20, 336, 298
465, 298, 361
465, 361, 298
359, 298, 212
359, 212, 298
551, 299, 192
551, 192, 299
851, 299, 407
851, 407, 299
469, 300, 416
469, 416, 300
938, 300, 222
938, 222, 300
400, 300, 519
400, 519, 300
949, 300, 28
949, 28, 300
882, 300, 523
882, 523, 300
67, 301, 297
67, 297, 301
319, 301, 483
319, 483, 301
606, 302, 28
606, 28, 302
307, 302, 102
307, 102, 302
230, 302, 539
230, 539, 302
25, 303, 132
25, 132, 303
40, 303, 369
40, 369, 303
80, 303, 34
80, 34, 303
849, 303, 147
849, 147, 303
749, 304, 451
749, 451, 304
419, 304, 526
419, 526, 304
605, 305, 494
605, 494, 305
749, 305, 221
749, 221, 305
390, 305, 233
390, 233, 305
801, 306, 440
801, 440, 306
406, 306, 549
406, 549, 306
252, 306, 58
252, 58, 306
628, 307, 231
628, 231, 307
669, 308, 101
669, 101, 308
571, 308, 90
571, 90, 308
949, 308, 259
949, 259, 308
719, 308, 216
719, 216, 308
21, 309, 597
21, 597, 309
75, 309, 408
75, 408, 309
570, 309, 364
570, 364, 309
537, 309, 286
537, 286, 309
595, 310, 458
595, 458, 310
371, 310, 557
371, 557, 310
923, 311, 17
923, 17, 311
977, 312, 8
977, 8, 312
608, 313, 164
608, 164, 313
859, 314, 590
859, 590, 314
946, 314, 116
946, 116, 314
385, 314, 13
385, 13, 314
899, 317, 412
899, 412, 317
962, 317, 530
962, 530, 317
644, 317, 53
644, 53, 317
170, 317, 355
170, 355, 317
27, 318, 465
27, 465, 318
403, 318, 449
403, 449, 318
67, 318, 169
67, 169, 318
907, 318, 457
907, 457, 318
357, 318, 512
357, 512, 318
908, 320, 174
908, 174, 320
901, 320, 21
901, 21, 320
871, 320, 181
871, 181, 320
269, 320, 354
269, 354, 320
26, 320, 111
26, 111, 320
285, 321, 268
285, 268, 321
750, 321, 452
750, 452, 321
102, 322, 84
102, 84, 322
426, 322, 375
426, 375, 322
772, 322, 133
772, 133, 322
57, 323, 232
57, 232, 323
377, 323, 46
377, 46, 323
868, 323, 377
868, 377, 323
972, 325, 511
972, 511, 325
691, 325, 285
691, 285, 325
741, 325, 560
741, 560, 325
286, 326, 558
286, 558, 326
604, 326, 500
604, 500, 326
767, 326, 168
767, 168, 326
765, 326, 190
765, 190, 326
25, 327, 197
25, 197, 327
870, 327, 551
870, 551, 327
215, 327, 143
215, 143, 327
27, 327, 543
27, 543, 327
742, 327, 223
742, 223, 327
852, 328, 262
852, 262, 328
930, 328, 304
930, 304, 328
235, 328, 407
235, 407, 328
481, 328, 47
481, 47, 328
265, 329, 445
265, 445, 329
828, 330, 205
828, 205, 330
802, 330, 343
802, 343, 330
274, 330, 114
274, 114, 330
80, 330, 49
80, 49, 330
639, 331, 575
639, 575, 331
338, 331, 420
338, 420, 331
974, 331, 122
974, 122, 331
614, 331, 348
614, 348, 331
547, 332, 263
547, 263, 332
978, 332, 576
978, 576, 332
368, 333, 288
368, 288, 333
868, 333, 502
868, 502, 333
429, 333, 282
429, 282, 333
131, 333, 225
131, 225, 333
807, 333, 302
807, 302, 333
194, 334, 136
194, 136, 334
74, 334, 445
74, 445, 334
292, 336, 264
292, 264, 336
370, 336, 5
370, 5, 336
111, 336, 508
111, 508, 336
217, 337, 415
217, 415, 337
430, 337, 105
430, 105, 337
356, 337, 183
356, 183, 337
567, 337, 118
567, 118, 337
206, 337, 542
206, 542, 337
325, 338, 296
325, 296, 338
74, 339, 235
74, 235, 339
888, 340, 461
888, 461, 340
626, 340, 452
626, 452, 340
834, 340, 298
834, 298, 340
458, 340, 521
458, 521, 340
640, 342, 271
640, 271, 342
424, 342, 133
424, 133, 342
991, 342, 215
991, 215, 342
859, 342, 167
859, 167, 342
614, 342, 0
614, 0, 342
196, 343, 263
196, 263, 343
227, 343, 50
227, 50, 343
967, 343, 405
967, 405, 343
106, 343, 504
106, 504, 343
71, 343, 385
71, 385, 343
265, 344, 213
265, 213, 344
297, 344, 473
297, 473, 344
521, 346, 205
521, 205, 346
731, 346, 389
731, 389, 346
635, 347, 454
635, 454, 347
599, 347, 63
599, 63, 347
842, 348, 319
842, 319, 348
259, 348, 584
259, 584, 348
395, 349, 369
395, 369, 349
72, 349, 19
72, 19, 349
573, 349, 59
573, 59, 349
868, 349, 437
868, 437, 349
305, 349, 110
305, 110, 349
625, 350, 407
625, 407, 350
389, 350, 239
389, 239, 350
272, 350, 572
272, 572, 350
845, 350, 116
845, 116, 350
301, 351, 124
301, 124, 351
345, 351, 551
345, 551, 351
328, 351, 9
328, 9, 351
788, 352, 424
788, 424, 352
865, 353, 260
865, 260, 353
579, 353, 27
579, 27, 353
447, 353, 181
447, 181, 353
716, 353, 92
716, 92, 353
753, 354, 594
753, 594, 354
447, 354, 324
447, 324, 354
408, 354, 252
408, 252, 354
914, 354, 71
914, 71, 354
692, 355, 367
692, 367, 355
718, 356, 535
718, 535, 356
39, 356, 303
39, 303, 356
614, 357, 81
614, 81, 357
263, 357, 507
263, 507, 357
4, 357, 144
4, 144, 357
2, 357, 530
2, 530, 357
661, 358, 428
661, 428, 358
831, 358, 184
831, 184, 358
372, 359, 358
372, 358, 359
308, 359, 77
308, 77, 359
198, 361, 278
198, 278, 361
634, 361, 104
634, 104, 361
203, 361, 265
203, 265, 361
200, 362, 87
200, 87, 362
26, 362, 438
26, 438, 362
758, 362, 533
758, 533, 362
262, 362, 14
262, 14, 362
680, 363, 29
680, 29, 363
865, 364, 266
865, 266, 364
799, 364, 251
799, 251, 364
921, 364, 487
921, 487, 364
634, 364, 119
634, 119, 364
453, 364, 486
453, 486, 364
64, 365, 476
64, 476, 365
906, 365, 202
906, 202, 365
144, 366, 209
144, 209, 366
62, 367, 396
62, 396, 367
164, 367, 465
164, 465, 367
837, 368, 493
837, 493, 368
19, 368, 574
19, 574, 368
306, 369, 256
306, 256, 369
903, 369, 418
903, 418, 369
967, 369, 207
967, 207, 369
41, 369, 472
41, 472, 369
451, 371, 462
451, 462, 371
960, 371, 250
960, 250, 371
329, 371, 321
329, 321, 371
393, 372, 586
393, 586, 372
790, 372, 303
790, 303, 372
938, 372, 579
938, 579, 372
815, 372, 407
815, 407, 372
863, 372, 563
863, 563, 372
576, 373, 91
576, 91, 373
974, 373, 14
974, 14, 373
403, 373, 420
403, 420, 373
315, 373, 399
315, 399, 373
336, 373, 309
336, 309, 373
1, 374, 189
1, 189, 374
938, 374, 374
938, 374, 374
406, 374, 487
406, 487, 374
284, 375, 332
284, 332, 375
414, 375, 201
414, 201, 375
128, 376, 530
128, 530, 376
24, 376, 451
24, 451, 376
708, 376, 167
708, 167, 376
971, 377, 568
971, 568, 377
289, 377, 232
289, 232, 377
709, 378, 376
709, 376, 378
848, 378, 230
848, 230, 378
960, 378, 440
960, 440, 378
216, 379, 595
216, 595, 379
258, 379, 292
258, 292, 379
628, 382, 536
628, 536, 382
272, 383, 428
272, 428, 383
654, 383, 100
654, 100, 383
784, 384, 304
784, 304, 384
961, 384, 124
961, 124, 384
3, 384, 537
3, 537, 384
446, 384, 302
446, 302, 384
455, 385, 187
455, 187, 385
371, 386, 176
371, 176, 386
974, 386, 2
974, 2, 386
536, 386, 250
536, 250, 386
688, 387, 477
688, 477, 387
547, 387, 148
547, 148, 387
274, 387, 142
274, 142, 387
183, 387, 590
183, 590, 387
880, 388, 323
880, 323, 388
604, 388, 320
604, 320, 388
653, 388, 0
653, 0, 388
941, 388, 533
941, 533, 388
593, 389, 59
593, 59, 389
785, 389, 172
785, 172, 389
643, 389, 370
643, 370, 389
778, 389, 322
778, 322, 389
562, 389, 44
562, 44, 389
529, 390, 320
529, 320, 390
643, 390, 199
643, 199, 390
390, 391, 163
390, 163, 391
711, 392, 524
711, 524, 392
608, 392, 538
608, 538, 392
352, 392, 562
352, 562, 392
26, 392, 13
26, 13, 392
954, 393, 76
954, 76, 393
327, 393, 144
327, 144, 393
367, 393, 284
367, 284, 393
535, 393, 266
535, 266, 393
803, 394, 72
803, 72, 394
755, 394, 138
755, 138, 394
865, 394, 185
865, 185, 394
454, 395, 191
454, 191, 395
297, 395, 331
297, 331, 395
427, 397, 28
427, 28, 397
396, 397, 182
396, 182, 397
438, 397, 213
438, 213, 397
265, 398, 535
265, 535, 398
883, 399, 188
883, 188, 399
825, 399, 378
825, 378, 399
784, 400, 20
784, 20, 400
725, 401, 202
725, 202, 401
266, 402, 429
266, 429, 402
398, 402, 61
398, 61, 402
776, 402, 107
776, 107, 402
433, 407, 281
433, 281, 407
296, 408, 347
296, 347, 408
46, 408, 565
46, 565, 408
197, 408, 107
197, 107, 408
145, 409, 449
145, 449, 409
897, 409, 23
897, 23, 409
710, 410, 91
710, 91, 410
376, 410, 298
376, 298, 410
496, 411, 100
496, 100, 411
26, 411, 306
26, 306, 411
678, 411, 572
678, 572, 411
254, 411, 286
254, 286, 411
780, 411, 386
780, 386, 411
251, 413, 544
251, 544, 413
390, 414, 224
390, 224, 414
985, 416, 576
985, 576, 416
956, 417, 107
956, 107, 417
917, 417, 136
917, 136, 417
730, 417, 203
730, 203, 417
180, 417, 570
180, 570, 417
864, 417, 165
864, 165, 417
697, 418, 34
697, 34, 418
133, 418, 85
133, 85, 418
854, 418, 113
854, 113, 418
733, 418, 210
733, 210, 418
664, 418, 592
664, 592, 418
136, 419, 404
136, 404, 419
143, 419, 215
143, 215, 419
435, 419, 438
435, 438, 419
25, 420, 267
25, 267, 420
312, 420, 221
312, 221, 420
79, 420, 561
79, 561, 420
805, 420, 293
805, 293, 420
407, 420, 569
407, 569, 420
905, 421, 222
905, 222, 421
127, 421, 106
127, 106, 421
378, 421, 452
378, 452, 421
639, 421, 373
639, 373, 421
153, 421, 106
153, 106, 421
431, 423, 518
431, 518, 423
547, 423, 251
547, 251, 423
601, 424, 553
601, 553, 424
207, 424, 491
207, 491, 424
469, 424, 519
469, 519, 424
999, 424, 90
999, 90, 424
623, 424, 42
623, 42, 424
188, 425, 78
188, 78, 425
649, 425, 447
649, 447, 425
235, 425, 90
235, 90, 425
64, 427, 321
64, 321, 427
54, 427, 296
54, 296, 427
861, 427, 337
861, 337, 427
444, 427, 408
444, 408, 427
106, 428, 476
106, 476, 428
730, 428, 89
730, 89, 428
806, 428, 308
806, 308, 428
334, 428, 80
334, 80, 428
272, 428, 240
272, 240, 428
73, 429, 402
73, 402, 429
936, 429, 98
936, 98, 429
662, 429, 451
662, 451, 429
393, 430, 46
393, 46, 430
909, 430, 583
909, 583, 430
639, 430, 161
639, 161, 430
516, 431, 171
516, 171, 431
792, 433, 530
792, 530, 433
277, 434, 172
277, 172, 434
741, 434, 558
741, 558, 434
43, 434, 325
43, 325, 434
831, 434, 211
831, 211, 434
186, 434, 551
186, 551, 434
238, 435, 399
238, 399, 435
676, 435, 196
676, 196, 435
88, 435, 500
88, 500, 435
241, 435, 52
241, 52, 435
676, 436, 511
676, 511, 436
63, 436, 557
63, 557, 436
436, 436, 553
436, 553, 436
249, 437, 15
249, 15, 437
9, 437, 266
9, 266, 437
467, 437, 586
467, 586, 437
427, 437, 545
427, 545, 437
820, 438, 351
820, 351, 438
183, 438, 130
183, 130, 438
307, 438, 503
307, 503, 438
173, 438, 9
173, 9, 438
394, 438, 57
394, 57, 438
707, 440, 554
707, 554, 440
95, 440, 441
95, 441, 440
704, 440, 268
704, 268, 440
120, 440, 344
120, 344, 440
844, 441, 405
844, 405, 441
828, 442, 132
828, 132, 442
218, 442, 531
218, 531, 442
356, 443, 70
356, 70, 443
249, 443, 374
249, 374, 443
42, 444, 161
42, 161, 444
742, 444, 510
742, 510, 444
385, 445, 2
385, 2, 445
503, 446, 314
503, 314, 446
699, 446, 87
699, 87, 446
697, 446, 151
697, 151, 446
915, 446, 219
915, 219, 446
189, 446, 578
189, 578, 446
2, 447, 88
2, 88, 447
707, 447, 591
707, 591, 447
292, 447, 446
292, 446, 447
493, 448, 398
493, 398, 448
848, 448, 46
848, 46, 448
236, 448, 77
236, 77, 448
116, 449, 326
116, 326, 449
969, 450, 48
969, 48, 450
947, 451, 220
947, 220, 451
929, 451, 147
929, 147, 451
538, 451, 205
538, 205, 451
818, 451, 144
818, 144, 451
93, 451, 379
93, 379, 451
493, 452, 491
493, 491, 452
374, 452, 78
374, 78, 452
182, 453, 447
182, 447, 453
225, 454, 134
225, 134, 454
658, 455, 104
658, 104, 455
367, 455, 62
367, 62, 455
934, 455, 202
934, 202, 455
878, 455, 57
878, 57, 455
591, 456, 430
591, 430, 456
445, 456, 373
445, 373, 456
596, 456, 400
596, 400, 456
134, 456, 120
134, 120, 456
53, 456, 353
53, 353, 456
453, 457, 199
453, 199, 457
829, 457, 483
829, 483, 457
130, 457, 60
130, 60, 457
991, 458, 123
991, 123, 458
317, 459, 458
317, 458, 459
784, 459, 158
784, 158, 459
898, 460, 574
898, 574, 460
700, 461, 229
700, 229, 461
129, 462, 352
129, 352, 462
714, 464, 445
714, 445, 464
851, 464, 288
851, 288, 464
902, 466, 197
902, 197, 466
640, 466, 3
640, 3, 466
458, 466, 163
458, 163, 466
246, 466, 109
246, 109, 466
620, 466, 94
620, 94, 466
863, 467, 156
863, 156, 467
127, 467, 560
127, 560, 467
749, 468, 359
749, 359, 468
320, 468, 560
320, 560, 468
806, 468, 30
806, 30, 468
704, 469, 570
704, 570, 469
819, 469, 416
819, 416, 469
17, 469, 454
17, 454, 469
130, 469, 207
130, 207, 469
690, 470, 592
690, 592, 470
839, 471, 345
839, 345, 471
28, 471, 461
28, 461, 471
82, 471, 93
82, 93, 471
675, 471, 302
675, 302, 471
586, 471, 501
586, 501, 471
797, 472, 536
797, 536, 472
285, 472, 512
285, 512, 472
688, 472, 189
688, 189, 472
549, 472, 347
549, 347, 472
617, 472, 374
617, 374, 472
64, 473, 546
64, 546, 473
641, 474, 46
641, 46, 474
56, 474, 132
56, 132, 474
444, 474, 63
444, 63, 474
354, 474, 111
354, 111, 474
304, 475, 247
304, 247, 475
361, 475, 56
361, 56, 475
390, 475, 519
390, 519, 475
641, 478, 117
641, 117, 478
286, 478, 318
286, 318, 478
456, 478, 433
456, 433, 478
154, 479, 409
154, 409, 479
405, 479, 591
405, 591, 479
746, 479, 222
746, 222, 479
881, 480, 448
881, 448, 480
223, 480, 15
223, 15, 480
601, 480, 518
601, 518, 480
9, 481, 534
9, 534, 481
925, 481, 166
925, 166, 481
706, 481, 6
706, 6, 481
292, 481, 12
292, 12, 481
501, 482, 21
501, 21, 482
208, 482, 197
208, 197, 482
853, 483, 399
853, 399, 483
494, 483, 210
494, 210, 483
142, 484, 345
142, 345, 484
874, 484, 118
874, 118, 484
289, 486, 79
289, 79, 486
942, 486, 344
942, 344, 486
840, 486, 311
840, 311, 486
77, 486, 273
77, 273, 486
749, 487, 506
749, 506, 487
408, 487, 119
408, 119, 487
917, 487, 482
917, 482, 487
772, 487, 136
772, 136, 487
999, 487, 198
999, 198, 487
500, 488, 229
500, 229, 488
115, 489, 596
115, 596, 489
526, 490, 199
526, 199, 490
571, 490, 431
571, 431, 490
433, 490, 125
433, 125, 490
920, 490, 276
920, 276, 490
964, 491, 230
964, 230, 491
654, 492, 558
654, 558, 492
433, 492, 312
433, 312, 492
123, 492, 49
123, 49, 492
259, 492, 87
259, 87, 492
734, 493, 528
734, 528, 493
801, 494, 281
801, 281, 494
131, 494, 107
131, 107, 494
686, 494, 510
686, 510, 494
377, 494, 271
377, 271, 494
253, 495, 108
253, 108, 495
264, 495, 124
264, 124, 495
973, 495, 40
973, 40, 495
395, 495, 22
395, 22, 495
210, 496, 509
210, 509, 496
602, 496, 475
602, 475, 496
937, 496, 197
937, 197, 496
529, 497, 584
529, 584, 497
519, 497, 59
519, 59, 497
824, 498, 113
824, 113, 498
506, 498, 541
506, 541, 498
452, 498, 233
452, 233, 498
586, 500, 467
586, 467, 500
873, 503, 237
873, 237, 503
914, 503, 468
914, 468, 503
526, 503, 416
526, 416, 503
858, 504, 438
858, 438, 504
130, 504, 93
130, 93, 504
118, 504, 512
118, 512, 504
895, 505, 89
895, 89, 505
379, 505, 205
379, 205, 505
748, 505, 165
748, 165, 505
333, 507, 96
333, 96, 507
60, 507, 88
60, 88, 507
224, 507, 50
224, 50, 507
7, 508, 485
7, 485, 508
136, 509, 326
136, 326, 509
599, 509, 438
599, 438, 509
563, 509, 422
563, 422, 509
273, 509, 106
273, 106, 509
867, 509, 259
867, 259, 509
940, 510, 166
940, 166, 510
565, 510, 189
565, 189, 510
498, 510, 135
498, 135, 510
717, 510, 386
717, 386, 510
392, 511, 134
392, 134, 511
278, 511, 470
278, 470, 511
528, 512, 220
528, 220, 512
744, 512, 563
744, 563, 512
157, 512, 434
157, 434, 512
370, 512, 499
370, 499, 512
633, 512, 238
633, 238, 512
206, 513, 261
206, 261, 513
645, 513, 348
645, 348, 513
691, 513, 226
691, 226, 513
9, 513, 427
9, 427, 513
780, 514, 219
780, 219, 514
300, 514, 406
300, 406, 514
80, 515, 211
80, 211, 515
852, 515, 363
852, 363, 515
228, 515, 45
228, 45, 515
373, 516, 29
373, 29, 516
135, 516, 93
135, 93, 516
304, 517, 335
304, 335, 517
573, 517, 384
573, 384, 517
574, 518, 204
574, 204, 518
924, 519, 92
924, 92, 519
260, 520, 204
260, 204, 520
312, 520, 139
312, 139, 520
346, 520, 221
346, 221, 520
744, 520, 466
744, 466, 520
783, 521, 500
783, 500, 521
433, 521, 436
433, 436, 521
944, 521, 350
944, 350, 521
707, 521, 75
707, 75, 521
806, 521, 372
806, 372, 521
370, 522, 455
370, 455, 522
520, 522, 520
520, 520, 522
468, 522, 457
468, 457, 522
226, 523, 586
226, 586, 523
595, 525, 446
595, 446, 525
477, 525, 68
477, 68, 525
870, 525, 284
870, 284, 525
439, 526, 77
439, 77, 526
280, 526, 457
280, 457, 526
151, 526, 565
151, 565, 526
454, 526, 332
454, 332, 526
647, 527, 534
647, 534, 527
70, 528, 165
70, 165, 528
606, 528, 378
606, 378, 528
36, 528, 276
36, 276, 528
301, 529, 447
301, 447, 529
171, 529, 495
171, 495, 529
881, 530, 560
881, 560, 530
422, 530, 411
422, 411, 530
586, 530, 466
586, 466, 530
712, 530, 517
712, 517, 530
68, 530, 31
68, 31, 530
640, 532, 180
640, 180, 532
707, 532, 136
707, 136, 532
615, 532, 463
615, 463, 532
387, 532, 69
387, 69, 532
812, 533, 471
812, 471, 533
932, 533, 187
932, 187, 533
226, 534, 216
226, 216, 534
57, 534, 514
57, 514, 534
570, 534, 336
570, 336, 534
737, 534, 479
737, 479, 534
616, 535, 251
616, 251, 535
373, 536, 153
373, 153, 536
363, 536, 114
363, 114, 536
402, 540, 541
402, 541, 540
912, 540, 525
912, 525, 540
567, 540, 123
567, 123, 540
438, 540, 147
438, 147, 540
165, 540, 224
165, 224, 540
406, 541, 507
406, 507, 541
41, 541, 209
41, 209, 541
891, 542, 95
891, 95, 542
727, 542, 370
727, 370, 542
442, 542, 204
442, 204, 542
80, 542, 147
80, 147, 542
954, 543, 62
954, 62, 543
598, 543, 571
598, 571, 543
297, 544, 273
297, 273, 544
652, 544, 518
652, 518, 544
881, 544, 292
881, 292, 544
394, 544, 559
394, 559, 544
26, 545, 56
26, 56, 545
954, 545, 122
954, 122, 545
308, 546, 112
308, 112, 546
49, 547, 5
49, 5, 547
399, 548, 570
399, 570, 548
561, 548, 571
561, 571, 548
360, 548, 278
360, 278, 548
928, 548, 171
928, 171, 548
262, 548, 474
262, 474, 548
686, 549, 323
686, 323, 549
404, 549, 373
404, 373, 549
364, 549, 564
364, 564, 549
61, 549, 442
61, 442, 549
992, 551, 403
992, 403, 551
539, 552, 4
539, 4, 552
632, 552, 86
632, 86, 552
126, 552, 70
126, 70, 552
236, 552, 103
236, 103, 552
879, 554, 42
879, 42, 554
733, 554, 358
733, 358, 554
61, 554, 357
61, 357, 554
339, 555, 484
339, 484, 555
308, 555, 50
308, 50, 555
41, 555, 103
41, 103, 555
876, 556, 548
876, 548, 556
346, 557, 314
346, 314, 557
983, 557, 387
983, 387, 557
689, 558, 582
689, 582, 558
476, 558, 48
476, 48, 558
232, 560, 536
232, 536, 560
816, 561, 295
816, 295, 561
710, 561, 453
710, 453, 561
393, 561, 115
393, 115, 561
464, 562, 540
464, 540, 562
295, 562, 216
295, 216, 562
880, 563, 296
880, 296, 563
790, 564, 142
790, 142, 564
981, 564, 111
981, 111, 564
318, 564, 548
318, 548, 564
36, 564, 106
36, 106, 564
149, 565, 318
149, 318, 565
410, 565, 118
410, 118, 565
326, 565, 527
326, 527, 565
944, 566, 340
944, 340, 566
983, 566, 595
983, 595, 566
884, 566, 312
884, 312, 566
804, 568, 31
804, 31, 568
70, 568, 25
70, 25, 568
546, 568, 342
546, 342, 568
195, 568, 261
195, 261, 568
149, 568, 70
149, 70, 568
2, 569, 90
2, 90, 569
682, 569, 458
682, 458, 569
664, 569, 543
664, 543, 569
7, 569, 116
7, 116, 569
768, 569, 41
768, 41, 569
897, 570, 121
897, 121, 570
815, 570, 514
815, 514, 570
942, 570, 376
942, 376, 570
309, 570, 45
309, 45, 570
510, 571, 394
510, 394, 571
569, 571, 451
569, 451, 571
354, 571, 510
354, 510, 571
61, 572, 382
61, 382, 572
244, 573, 106
244, 106, 573
677, 573, 594
677, 594, 573
603, 573, 194
603, 194, 573
867, 574, 148
867, 148, 574
393, 574, 63
393, 63, 574
87, 575, 444
87, 444, 575
929, 575, 461
929, 461, 575
173, 575, 423
173, 423, 575
214, 576, 344
214, 344, 576
886, 577, 460
886, 460, 577
915, 578, 16
915, 16, 578
985, 578, 268
985, 268, 578
305, 578, 60
305, 60, 578
180, 579, 497
180, 497, 579
818, 579, 195
818, 195, 579
752, 579, 53
752, 53, 579
925, 579, 22
925, 22, 579
785, 580, 280
785, 280, 580
247, 580, 565
247, 565, 580
296, 580, 154
296, 154, 580
516, 580, 211
516, 211, 580
514, 580, 556
514, 556, 580
463, 581, 216
463, 216, 581
502, 581, 507
502, 507, 581
52, 581, 457
52, 457, 581
504, 582, 477
504, 477, 582
654, 582, 276
654, 276, 582
603, 583, 192
603, 192, 583
495, 583, 234
495, 234, 583
806, 583, 144
806, 144, 583
459, 583, 36
459, 36, 583
561, 584, 588
561, 588, 584
261, 584, 2
261, 2, 584
187, 585, 29
187, 29, 585
500, 585, 17
500, 17, 585
502, 586, 362
502, 362, 586
214, 587, 362
214, 362, 587
646, 587, 49
646, 49, 587
720, 587, 539
720, 539, 587
521, 587, 221
521, 221, 587
368, 588, 127
368, 127, 588
15, 588, 566
15, 566, 588
811, 588, 132
811, 132, 588
204, 588, 314
204, 314, 588
642, 590, 344
642, 344, 590
826, 590, 195
826, 195, 590
720, 590, 561
720, 561, 590
350, 591, 599
350, 599, 591
723, 591, 258
723, 258, 591
16, 592, 513
16, 513, 592
82, 592, 559
82, 559, 592
632, 592, 7
632, 7, 592
646, 592, 424
646, 424, 592
102, 593, 582
102, 582, 593
169, 593, 460
169, 460, 593
964, 593, 369
964, 369, 593
260, 595, 527
260, 527, 595
383, 595, 243
383, 243, 595
843, 597, 371
843, 371, 597
137, 597, 555
137, 555, 597
431, 597, 421
431, 421, 597
697, 597, 362
697, 362, 597
916, 597, 204
916, 204, 597
